10
0 1 6
0 2 10
0 3 2
0 4 34
0 5 23
0 6 98
0 7 8
0 8 6
0 9 23 
1 0 34
1 2 6
1 3 2
1 4 93
1 5 78
1 6 8
1 7 67
1 8 45
1 9 34
2 0 5
2 1 70
2 3 10
2 4 34
2 5 67
2 6 56
2 7 21
2 8 2
2 9 90
3 0 30
3 1 9
3 2 40
3 4 7
3 5 2
3 6 890
3 7 123
3 8 3
3 9 1
4 0 10
4 1 4
4 2 8
4 3 78
4 5 9
4 6 89
4 7 1000
4 8 6
4 9 78
5 0 4
5 1 7
5 2 56
5 3 23
5 4 2
5 6 12
5 7 90
5 8 67
5 9 3
6 0 778
6 1 3
6 2 9
6 3 49
6 4 78
6 5 23
6 7 90
6 8 4
6 9 34
7 0 3
7 1 32
7 2 98
7 3 100
7 4 900
7 5 234
7 6 34
7 8 124
7 9 4
8 0 34
8 1 3
8 2 90
8 3 1000
8 4 890
8 5 67
8 6 32
8 7 9
8 9 1
9 0 789
9 1 678
9 2 78
9 3 67
9 4 3
9 5 234
9 6 89
9 7 9
9 8 900